X,Y,Z,timestamp
-0.88619995,0.88559997,-0.18599999,18
-0.40849999,0.46829998,-0.3087,39
-0.38509998,0.41029999,-0.25439999,58
-0.48139998,0.34599999,-0.0231,79
-1.05739999,0.3538,0.2507,99
-1.74199998,0.41389999,0.39399999,119
-1.67299998,0.42369998,0.36629999,139
-1.05859995,0.54469997,0.30689999,158
-0.42519999,0.79109997,0.40629998,179
-0.2025,0.63499999,0.24609999,199
-0.45999998,0.2879,0.35779998,218
-0.92499995,0.25839999,0.61839998,239
-0.7335,0.51609999,0.4418,258
0.3319,0.48229998,0.57459998,279
1.06980002,0.4321,0.2446,299
0.49629998,-0.1883,-0.18009999,319
-0.20899999,-0.1237,-0.14029999,339
-0.0734,0.0835,-0.4513,358
0.1182,0.30599999,-0.43099999,378
-0.0296,-0.0502,-0.43089998,399
-0.8028,-0.141,-0.28929999,418
-1.5869,0.2474,0.1135,438
-1.19629991,0.57779998,-0.3039,458
-0.61009997,0.30469999,-0.3107,479
-0.60159999,0.0277,0.21599999,498
-0.39409998,-0.0949,0.4754,518
0.0563,0.15429999,0.0954,538
0.2624,0.037,-0.2349,558
0.1987,-0.26139998,-0.271,579
0.40649998,-0.1538,-0.0123,598
0.63209999,0.11099999,0.0646,618
0.58959997,0.0579,-0.0829,638
0.54969996,0.0863,-0.23339999,658
0.82849997,0.0047,-0.11499999,678
0.81519997,-0.1366,0.0318,698
0.71959996,-0.25830001,-0.0461,719
0.4359,0.1048,-0.23169999,739
0.31669998,0.15089999,-0.4235,758
0.41639999,0.0248,-0.47929999,779
0.28119999,-0.29729998,-0.3558,799
-0.15889999,-0.62589997,-0.0836,818
-0.4235,-0.435,-0.1042,838
-0.1804,0.12,-0.133,858
0.2104,0.2342,-0.112,879
0.1481,-0.20979999,0.31739998,898
-0.52399999,0.40739998,0.4939,919
-0.2474,0.49019998,0.37029999,938
-0.0321,0.50239998,0.3572,958
0.0187,0.2297,0.46499997,978
-0.2411,0.34869999,0.33229998,998
-0.095,0.477,0.1919,1018
-0.16509999,0.19149999,0.1918,1038
-0.56779999,-0.1498,0.15979999,1058
-0.8721,-0.2516,0.23559999,1078
-0.69659996,0.29899999,0.0526,1099
-0.47039998,0.61849999,-0.0355,1119
-0.91029996,0.81819999,0.0675,1138
-0.93179995,0.66469997,0.2974,1159
-0.40969998,0.2351,0.27770001,1179
-0.0976,-0.0782,0.36899999,1198
-0.42209998,0.0331,0.43059999,1219
-0.13699999,0.1733,0.41099998,1239
0.0433,0.1955,0.46859998,1259
-0.391,0.50400001,0.3987,1279
-0.2208,0.25149998,0.37259999,1298
-0.0846,0.1672,0.1199,1319
0.1619,0.1636,-0.14739999,1338
0.26089999,-0.0809,-0.20439999,1359
0.0484,-0.19579999,-0.2735,1379
0.15369999,-0.15459999,-0.2005,1399
0.1619,-0.091,-0.14739999,1419
0.12539999,-0.13669999,-0.1392,1438
-0.07889999,-0.2216,-0.1099,1458
0.051,0.0503,-0.2269,1479
0.0922,-0.0401,-0.1016,1498
0.296,-0.0735,0.09429999,1518
0.36359999,0.013,0.17029999,1539
0.4057,-0.1445,0.0695,1559
0.0673,-0.0434,0.27959999,1579
-0.76069999,0.4711,0.2112,1599
-0.75979996,0.61729997,0.19069999,1619
-0.83419997,0.5205,0.36609998,1638
-0.52719998,0.3443,0.45279998,1658
-0.33739999,0.37509999,0.373,1679
-0.1503,0.0847,0.1855,1698
-0.242,0.0356,0.0223,1719
-0.47349998,0.1629,0.12639999,1739
-0.5517,0.0687,0.28189999,1759
-0.5104,-0.1118,0.4569,1779
-0.74519998,0.1131,0.45739999,1798
-1.23259997,0.35749999,0.76539999,1818
-1.71619999,0.50569999,1.11089993,1838
-1.40579998,0.46169999,1.10799992,1859
-1.15450001,1.08209991,0.71679997,1879
-0.86489999,1.15890002,0.34529999,1898
-1.11940002,0.95889997,0.53299999,1918
-1.03219998,0.67409998,-0.0005,1939
-0.13349999,0.39569998,0.0781,1959
0.0703,0.52270001,0.3326,1979
0.23439999,0.51529998,0.1261,1999
0.43309999,0.52779996,-0.0501,2018
0.5517,0.39049998,-0.1814,2039
0.59999996,0.24499999,-0.3272,2058
1.01969993,0.1436,-0.389,2079
1.28009999,0.1495,-0.7209,2099
1.85809994,0.17289999,-1.23089993,2118
1.7213999,0.26339999,-1.39649999,2138
1.74720001,0.3143,-1.63259995,2158
1.60219991,0.24659999,-1.73049998,2179
1.51590002,0.4341,-2.00740004,2198
1.12949991,0.51429999,-2.19840002,2219
1.01279998,0.43149999,-2.19889998,2239
0.78419995,0.2069,-2.00559998,2258
0.8118,-0.0052,-1.98239994,2278
0.7507,-0.0503,-1.8556,2298
0.4772,0.1074,-1.91569996,2318
0.2357,0.1221,-1.81989992,2338
0.1802,0.0945,-1.82449996,2358
0.31869999,0.26249999,-1.75769997,2379
0.50309998,0.60820001,-1.9756999,2399
0.34019998,0.45819998,-1.8276999,2419
-0.0207,0.49419999,-1.74949992,2439
-0.0087,0.6372,-1.60799992,2458
-0.23629999,0.59920001,-1.49119997,2479
-0.59630001,0.62110001,-1.30439997,2499
-0.78099996,0.75549996,-1.14209998,2519
-0.83590001,0.94079995,-0.95449996,2539
-0.92939997,1.02039993,-0.87709999,2559
-1.02789998,1.06029999,-0.68529999,2579
-1.24689996,1.14090002,-0.699,2599
-1.15149999,1.07009995,-0.5808,2619
-1.42970002,0.93269998,-0.2199,2642
-1.50589991,1.21209991,0.1104,2658
-1.22189999,1.67919993,0.45829999,2679
-0.9641,2.00300002,1.70299995,2698
-1.08859992,0.30230001,2.81539989,2719
-0.98699999,-0.86699998,3.3349998,2738
-0.68939996,-0.63639998,3.16839981,2758
-0.42319998,0.16679999,2.66219997,2778
-0.44459999,0.6081,2.6875,2798
-0.16129999,0.7324,2.70609999,2818
0.1538,0.66319996,2.59209991,2838
0.2818,0.57989997,2.01639986,2858
0.29119998,0.2093,1.83079994,2878
0.38549998,-0.1076,1.55979991,2898
0.64480001,-0.53469998,1.37419999,2918
0.84529996,-0.95269996,1.10360003,2939
1.12329996,-1.46079993,1.00989997,2958
1.20050001,-1.69129992,0.72829998,2979
1.07799995,-1.59749997,0.53029996,2998
0.86089998,-1.41349995,0.2581,3018
0.82809997,-1.32009995,0.1357,3039
0.69629997,-1.18910003,0.0264,3058
0.57379997,-1.05199993,-0.0101,3079
0.36339998,-0.84799999,-0.0419,3098
0.27869999,-0.78969997,-0.1153,3118
0.2483,-0.77059996,-0.1472,3138
0.27309999,-0.48249999,-0.19829999,3158
0.16779999,-0.347,-0.1277,3179
0.0135,-0.37799999,-0.0196,3199
-0.0867,-0.6221,0.0075,3219
-0.2173,-0.54809999,0.066,3239
-0.0596,-0.0707,0.1258,3259
0.25389999,0.0183,0.1742,3279
0.37109998,-0.5668,0.37909999,3299
0.4869,-0.94869995,0.4655,3319
0.63279998,-0.68519998,0.3768,3339
0.84119999,-0.41689998,0.36269999,3358
0.90719998,-0.3064,0.43129998,3379
1.01950002,-0.37279999,0.44229999,3399
0.81849998,-0.49589998,0.37729999,3419
0.50229996,-0.61439997,0.37129998,3439
0.2608,-0.56299996,0.18179999,3459
0.22569999,-0.40989998,-0.0852,3479
0.1488,-0.212,-0.14479999,3499
0.2068,-0.0643,0.0125,3519
0.19849999,-0.2491,0.29249999,3539
-0.0681,-0.32909998,0.48479998,3558
-0.24429999,-0.23079999,0.57999998,3579
-0.198,0.14139999,0.66409999,3599
-0.0606,0.38799998,0.68689996,3619
0.065,0.36809999,0.5873,3639
0.0289,-0.153,0.54179996,3659
-0.1346,-0.4876,0.49759999,3679
-0.08199999,-0.29539999,0.25869998,3698
0.036,0.39699998,-0.1337,3718
0.23969999,1.13319993,-0.45499998,3739
0.2394,0.87159997,-0.61759996,3759
-0.1275,0.0491,-0.58989996,3779
-0.10529999,-0.29350001,-0.6699,3798
0.1001,-0.1969,-0.78239995,3818
0.45929998,0.2773,-1.00049996,3838
0.70279998,0.51480001,-1.13099992,3858
0.58459997,0.41069999,-1.30369997,3879
0.3017,0.48589998,-1.18699992,3899
0.24749999,0.97709996,-1.38730001,3919
0.2739,1.19809997,-1.57569993,3939
0.1899,1.19330001,-1.86519992,3958
0.08419999,1.13099992,-1.81049991,3979
-0.2032,1.19139993,-1.53559995,3999
-0.34909999,1.01849997,-1.1559,4019
-0.49949998,0.61019999,-0.98859996,4039
-0.47599998,0.24249999,-1.22299993,4058
-0.6225,0.1866,-1.22869992,4079
-1.1279,0.20119999,-1.11469996,4098
-1.35439992,0.13779999,-0.98009998,4119
-1.23679996,0.2058,-1.05009997,4139
-1.14349997,0.39049998,-1.14679992,4159
-1.13559997,0.72999996,-1.08439994,4179
-1.06739998,0.98099995,-0.94220001,4198
-0.75400001,0.78419995,-0.63589996,4218
-0.3109,0.87709999,-0.66670001,4238
0.25,0.71810001,0.0357,4258
0.36359999,0.47909999,0.38859999,4279
0.67409998,0.1531,0.38139999,4299
0.85859996,-0.3671,0.0441,4318
0.62669998,-0.36649999,-0.0663,4338
0.22749999,-0.16759999,0.0163,4358
-0.086,-0.0508,-0.18259999,4378
0.0469,-0.1512,-0.57089996,4398
0.24879999,-0.18719999,-0.81269997,4419
0.46779999,-0.4382,-0.66049999,4439
0.31659999,-0.52109998,-0.13059999,4459
0.0425,-0.28129998,-0.3585,4479
0.1987,-0.091,-0.32249999,4498
0.1979,0.21179999,-0.0469,4518
0.1295,0.206,0.1296,4538
0.44729999,-0.12979999,-0.0925,4559
0.54189998,-0.27269998,-0.14999999,4578
0.3739,-0.072,0.0317,4598
-0.0413,-0.11059999,0.2324,4618
-0.36929998,0.0081,0.4118,4638
-0.28169999,0.40239999,0.2669,4658
-0.1559,0.4761,0.23449999,4679
0.0537,0.28209999,0.38749999,4698
0.12819999,0.14139999,0.66079998,4719
-0.0999,0.15619999,0.73269999,4739
-0.35749999,0.18609999,0.52939999,4758
-0.57879996,0.25909999,0.1345,4779
-0.59569997,0.1832,0.25139999,4798
-0.69379997,-0.0147,0.50659996,4819
-0.6516,0.22829999,0.59039998,4839
-0.16929999,0.52689999,0.3326,4859
0.1011,0.31919998,0.24569999,4879
0.0096,-0.0149,0.15519999,4899
-0.26289999,-0.0708,0.34639999,4921
-0.52749997,-0.1663,0.22109999,4938
-0.2895,0.18269999,0.27199998,4958
-0.0012,0.47599998,0.23959999,4978
0.1295,0.47849998,0.25560001,4998
0.0773,0.36989999,0.3522,5018
-0.0347,0.2854,0.42229998,5038
-0.0304,0.2295,0.329,5058
0.2613,0.24859999,-0.0227,5078
0.33489999,0.14229999,-0.0385,5098
0.4346,0.0867,-0.0241,5118
0.5686,-0.2145,0.1126,5138
0.6182,-0.2748,-0.0159,5158
0.537,-0.1226,-0.17629999,5178
0.4007,-0.15709999,-0.21529999,5198
0.42969999,-0.1076,-0.14119999,5218
0.50319999,-0.0164,0.0694,5238
0.59999996,0.053,0.036,5258
0.51599997,-0.068,-0.0381,5278
0.22199999,-0.0642,-0.001,5298
0.0773,0.0409,0.1199,5318
0.054,0.1884,0.23439999,5338
0.1779,0.13869999,0.15779999,5358
0.0305,0.0125,0.064,5378
-0.18529999,-0.0063,0.0168,5398
-0.13689999,0.148,-0.0173,5419
0.0945,0.221,0.0695,5439
0.3432,0.0531,0.2078,5459
0.2456,0.1441,0.2078,5479
0.2051,0.2784,0.0709,5498
0.36210001,0.3339,0.0048,5519
0.3468,0.1996,0.0439,5538
0.7209,-0.2201,-0.0296,5559
0.71329999,-0.30249998,-0.0291,5579
0.44119999,0.0591,-0.1573,5598
0.17039999,0.18949999,-0.1724,5619
0.0057,-0.20389999,-0.22829999,5639
-0.26190001,-0.35439998,-0.2233,5659
-0.77509999,-0.0232,-0.15079999,5679
-0.52539998,0.3396,-0.2165,5698
-0.38229999,0.37079999,-0.2402,5719
-0.43979999,0.0721,-0.0786,5739
-0.61750001,-0.1129,0.0887,5758
-0.662,0.0198,0.0403,5779
-0.45979998,0.1007,0.0381,5798
-0.74399996,0.1186,0.19329999,5818
-1.07719994,0.1252,0.38509998,5839
-0.72670001,0.42289999,0.4429,5858
-0.1533,0.3651,0.79579997,5879
-0.41069999,0.2694,0.82589996,5898
-0.0656,0.34959999,0.42499998,5919
0.1683,0.34489998,0.0436,5938
0.0565,0.0446,-0.1955,5958
-0.059,-0.101,-0.0119,5979
-0.15189999,0.0426,-0.03,5999
0.226,0.31869999,-0.3854,6018
0.65499997,0.32269999,-0.4727,6040
0.6304,-0.0869,-0.3849,6058
0.38999999,-0.54069996,-0.17469999,6079
0.16249999,-0.4806,-0.322,6098
0.30489999,-0.0072,-0.67879999,6118
0.24169999,0.17819999,-0.24259999,6138
0.09779999,0.0199,0.0914,6158
0.1978,-0.0021,-0.078,6179
0.22229999,0.30769998,-0.18279999,6198
0.2105,0.3926,-0.0446,6220
0.2498,0.0169,0.0971,6238
-0.1215,-0.3378,0.0661,6259
-0.37079999,0.0707,-0.2351,6278
-0.35349998,0.34059998,-0.271,6298
-0.19029999,0.25149998,-0.0729,6318
0.092,0.1187,0.0208,6338
0.22409999,0.0163,0.057,6358
-0.0531,-0.0371,0.0867,6378
-0.1549,0.1841,0.0505,6398
0.24069999,0.29170001,0.0517,6418
0.5492,0.2033,0.0459,6438
0.40959999,0.0288,0.15339999,6458
0.0476,0.0014,0.1155,6479
-0.1936,0.0851,0.0144,6498
-0.13259999,0.2438,-0.0366,6518
0.12979999,0.24049999,0.034,6538
0.32389998,-0.0959,0.1706,6559
-0.11319999,-0.1785,0.0676,6579
-0.30609998,0.0296,-0.0627,6598
-0.29729998,0.16059999,-0.1033,6618
-0.0089,0.1032,-0.206,6639
0.1734,-0.0084,-0.1265,6658
0.30320001,-0.1149,0.1243,6679
0.1884,0.1547,0.1294,6698
-0.021,0.35119998,0.13249999,6719
0.13779999,0.2845,0.1114,6739
0.54449999,0.0112,0.1286,6759
0.2965,0.10969999,0.0107,6779
0.0986,0.1399,-0.0025,6799
0.14489999,0.0468,0.17749999,6818
0.1577,0.0202,0.13769999,6838
0.0955,-0.0633,-0.0559,6858
-0.17099999,-0.1206,-0.0022,6879
-0.56409997,-0.0563,-0.0127,6898
-0.69220001,0.0984,0.0234,6919
-0.61989999,0.0671,0.065,6938
-0.72569996,0.0482,0.027,6959
-0.82819998,0.17909999,0.0528,6979
-0.82739997,0.3581,0.19909999,6999
-0.66619998,0.1838,0.3549,7018
-0.62739998,-0.0346,0.18719999,7039
-0.5715,0.15169999,0.0663,7058
-0.6925,0.0826,0.0674,7078
-0.65849996,-0.0642,-0.0085,7098
-0.43989998,0.2429,-0.50709999,7118
-0.37719998,0.3066,-0.39659998,7139
-0.2687,0.4014,0.16579999,7159
0.4488,0.41639999,0.21529999,7178
1.21509993,0.36679998,0.17449999,7198
1.6516999,0.1539,0.1761,7218
1.34109998,0.1628,0.2992,7238
1.06719995,0.0199,-0.0401,7258
0.5442,-0.0733,-0.28729999,7278
0.0765,-0.0402,-0.53399998,7298
-0.0981,-0.1327,-0.61619997,7318
-0.1679,-0.139,-0.3096,7338
-0.0849,0.0727,-0.2348,7358
-0.0292,0.1059,-0.1328,7378
-0.15959999,-0.0783,-0.14669999,7398
-0.31959999,0.0044,-0.19399999,7418
-0.34379998,0.12899999,-0.0903,7439
-0.097,0.2402,0.0015,7459
0.0311,0.1064,-0.0623,7479
0.10619999,-0.0171,-0.0914,7498
0.2967,-0.0432,-0.113,7519
0.4242,-0.0335,0.0378,7539
0.3145,0.1209,-0.0208,7559
0.1099,0.3439,-0.1092,7579
0.0157,0.29189998,-0.2183,7598
-0.0567,0.1296,-0.23779999,7619
0.18869999,0.0769,-0.1114,7639
0.6602,0.0901,-0.0865,7658
1.03530002,0.1286,-0.0949,7678
0.89779997,0.0799,0.21529999,7698
0.4041,0.1902,0.15179999,7718
0.037,0.1424,-0.1814,7738
-0.34039998,0.0446,-0.3109,7758
-0.2712,0.1381,-0.2376,7779
-0.1964,0.2155,0.0675,7798
-0.30769998,0.1726,0.1533,7818
-0.2131,0.0608,-0.0312,7838
0.055,0.0464,-0.0694,7859
0.26010001,0.0039,-0.0249,7879
0.3382,0.0047,0.0472,7898
0.3592,-0.0055,0.1425,7919
0.0442,0.0636,0.0535,7938
0.069,0.2306,-0.0211,7959
0.36659998,0.28470001,0.0251,7979
0.41639999,0.22219999,0.22839999,7998
0.2066,0.1735,0.1689,8019
-0.1078,0.17039999,-0.1645,8039
-0.0683,-0.1892,-0.0988,8059
-0.2947,-0.30140001,0.0708,8079
-0.2163,-0.052,-0.0006,8098
-0.30579999,0.1296,-0.1568,8119
-0.42379999,0.09,-0.0679,8139
-0.21609999,-0.0751,-0.0315,8159
0.0102,-0.1337,-0.0937,8179
0.0438,-0.1629,-0.0394,8198
0.1124,-0.1533,-0.0687,8218
0.14379999,-0.046,-0.0031,8238
0.18699999,0.1021,0.0712,8258
0.35089999,0.024,0.0117,8279
0.40649998,-0.0932,-0.1698,8298
0.4948,-0.2112,-0.3299,8319
0.73460001,-0.50559998,-0.3256,8339
0.63449997,-0.2978,-0.1779,8359
0.39229998,0.1445,-0.28729999,8379
0.2701,0.25310001,-0.2421,8398
0.3556,0.1293,0.0044,8418
0.1758,0.1134,0.1811,8439
-0.20899999,0.1839,0.032,8458
-0.72279996,0.3035,0.1714,8479
-0.93229997,0.55079997,0.1321,8498
-0.67789996,0.62819999,0.0257,8519
-0.28059998,0.33289999,0.38299999,8538
0.15269999,0.0902,0.64309996,8558
0.2947,0.25729999,0.3919,8579
0.14669999,0.4479,-0.09519999,8599
-0.1989,0.31110001,-0.0174,8618
0.0475,0.2375,0.30050001,8638
0.43629998,0.3698,0.25349998,8659
0.4851,0.38149998,0.17659999,8679
0.60799998,0.0866,0.0757,8698
0.4016,-0.1129,0.0579,8719
0.32209998,0.0856,-0.0262,8739
0.38789999,0.12799999,0.077,8758
0.29799998,0.25009999,0.1293,8779
0.47509998,0.37019998,0.051,8799
0.88629997,0.13599999,-0.123,8819
0.38779998,-0.0451,-0.1228,8838
-0.19239999,-0.14039999,-0.0806,8858
-0.57910001,-0.0523,0.024,8879
-0.3522,0.2296,-0.156,8898
0.28689998,0.14569999,-0.16509999,8919
0.045,-0.1173,0.10399999,8939
-0.58459997,-0.0329,0.06879999,8959
-0.79969996,0.2538,-0.032,8979
-0.1873,0.1228,0.0267,8998
-0.09779999,-0.1002,0.1489,9018
-0.5722,-0.1681,0.0731,9039
-0.86839998,0.19299999,-0.1744,9059
-0.5887,0.31909999,-0.25209999,9079
-0.19239999,0.0804,0.1111,9099
-0.19139999,-0.0162,0.23709999,9119
-0.24439999,0.1304,0.1109,9139
-0.1742,0.2015,0.1005,9158
0.12239999,0.21499999,0.1424,9179
0.15619999,0.2077,0.30519998,9198
0.1293,0.16689999,0.212,9218
-0.0101,0.0054,0.0253,9238
-0.0839,0.0462,-0.0712,9258
-0.0542,0.0032,-0.1372,9278
-0.0634,-0.045,-0.2093,9298
-0.26699999,-0.1199,-0.20789999,9319
-0.29659998,-0.0692,-0.15429999,9339
-0.11499999,0.0865,-0.1089,9359
-0.11189999,0.14729999,-0.1004,9379
-0.1029,0.054,-0.0065,9398
-0.0844,-0.033,0.0523,9419
-0.0298,0.027,0.0106,9439
0.2207,0.1794,-0.006,9459
0.2586,0.14569999,0.039,9479
0.0448,0.0248,0.13149999,9498
-0.1661,0.0585,0.11939999,9519
0.0765,0.22899999,0.0947,9538
0.1344,0.21609999,0.0964,9559
0.17819999,0.0163,0.1136,9579
0.0525,0.0567,-0.021,9598
0.0228,0.0959,-0.12529999,9618
-0.0517,0.12989999,-0.1358,9638
-0.032,0.035,-0.1591,9659
0.0087,-0.034,-0.0482,9679
0.0228,-0.025,0.0398,9699
-0.15779999,0.003,0.1287,9719
-0.2313,0.1152,0.055,9739
-0.17279999,0.21589999,-0.0414,9759
-0.22389999,0.0993,-0.0196,9778
-0.2066,-0.0217,0.0765,9798
-0.1733,-0.0522,0.0925,9818
-0.24499999,-0.0025,0.17909999,9839
-0.3046,0.12019999,0.18349999,9859
-0.32519999,0.18359999,0.26299998,9878
-0.29189998,0.17199999,0.2278,9898
-0.1055,0.09209999,0.1847,9918
-0.0353,0.0676,0.1645,9938
-0.0911,0.0752,0.11629999,9958
0.0744,0.1785,0.0434,9978
0.183,0.20739999,0.024,9998
0.1113,0.1026,0.0783,10018
-0.0201,0.0273,0.0264,10038
-0.0042,-0.0089,-0.0151,10058
0.0574,0.0247,-0.0337,10079
-0.0219,0.14199999,-0.0492,10099
-0.0783,0.0679,0.0116,10118
-0.0001,0.1564,0.0406,10139
0.0404,0.10219999,0.0243,10158
-0.0092,0.0829,-0.0046,10179
0.0062,0.0364,0.006,10198
0.0142,0.0568,-0.012,10218
0.1251,0.0404,0.052,10238
0.0446,0.0813,0.0503,10258
-0.0089,0.0543,0.0036,10278
0.0751,0.0375,0.0129,10298
0.1095,0.1679,0.0041,10318
0.1125,0.0944,0.08989999,10338
0.08639999,-0.0094,0.1108,10358
0.0312,0.0056,0.0661,10378
0.046,0.0977,0.0829,10399
0.0278,0.1776,0.0725,10419
0.0134,0.025,0.0279,10439
0.0152,-0.0182,-0.0037,10458
0.0381,-0.0225,-0.0188,10479
0.077,0.0434,-0.0306,10498
0.0528,0.0777,-0.0482,10518
-0.0081,0.041,-0.0333,10539
-0.0315,0.025,0.0011,10559
-0.0236,-0.002,0.0162,10579
-0.0361,0.049,0.035,10598
-0.0211,0.1059,0.0583,10619
-0.0311,0.1063,0.07669999,10639
-0.0434,0.0642,0.088,10659
-0.0536,0.0152,0.0594,10679
-0.0836,0.0685,0.0274,10699
0.0153,0.0872,0.0584,10719
0.0651,0.0478,0.0567,10738
0.0367,0.0175,0.0479,10759
0.0118,0.0349,0.0349,10779
0.0326,0.0439,0.0351,10799
0.0716,0.0641,0.0333,10818
0.0317,0.0351,0.0626,10838
0.0716,0.0362,0.0565,10858
0.0838,0.0058,0.044,10879
-0.0628,0.08859999,-0.01,10898
-0.0893,0.0484,-0.0631,10919
-0.0134,0.13159999,-0.0325,10939
-0.0334,0.0822,0.0292,10958
-0.0926,0.0569,0.0468,10979
-0.0041,0.0167,0.0306,10998
-0.0156,0.16769999,-0.016,11019
-0.0019,0.0969,0.0315,11038
-0.0799,0.0909,0.0381,11058
-0.0484,0.0399,0.0705,11079
0.0422,0.0684,0.11669999,11098
0.0873,0.1285,0.1415,11118
-0.0244,0.116,0.0584,11139
-0.0167,0.0583,-0.0289,11159
-0.0047,0.037,-0.0471,11179
0.0321,0.0284,-0.0167,11198
0.0043,0.0567,0.003,11219
0.033,0.047,0.0243,11239
0.0509,0.0669,0.0083,11258
0.0418,0.0756,0.0303,11279
0.0241,0.0555,0.0568,11298
0.0351,0.0352,-0.0122,11318
0.0624,0.0458,-0.0098,11339
0.0816,0.046,-0.0194,11359
0.0584,0.0378,-0.0064,11379
0.0281,0.0084,-0.0236,11399
-0.0443,0.0438,0.0154,11419
-0.0039,0.0323,0.0487,11438
0.001,0.0483,0.05,11458
-0.1142,0.1139,0.076,11479
-0.19929999,0.0714,0.0988,11498
-0.35389999,0.0918,0.0256,11518
-0.38959998,-0.015,-0.0378,11538
-0.41959998,-0.0648,0.1188,11559
-0.3457,0.0549,0.156,11579
-0.1601,0.138,0.14119999,11598
0.0624,-0.1034,0.1023,11619
-0.1111,0.0037,0.0587,11638
-0.2095,0.15619999,-0.0494,11658
-0.1954,0.17019999,0.0326,11679
-0.1432,0.07319999,0.0507,11698
-0.0014,-0.0102,0.0381,11719
0.14639999,0.0557,0.0354,11739
0.0183,0.1085,0.0407,11759
0.0022,0.1268,0.0587,11779
0.0668,0.14389999,0.16059999,11798
0.0947,0.1538,0.1504,11818
-0.0087,-0.0796,-0.0422,11838
-0.12889999,-0.20889999,-0.26269999,11858
-0.0204,-0.154,-0.34979999,11879
-0.0162,-0.0017,-0.1344,11899
-0.0882,0.0021,0.0269,11918
0.0367,-0.0525,-0.1059,11938
0.20089999,-0.40179998,-0.2439,11958
0.1507,-0.21859999,-0.2879,11978
0.0129,0.13859999,-0.2199,11998
-0.0494,0.2271,0.13259999,12018
0.0522,0.2023,0.22839999,12038
0.1936,-0.0696,0.1199,12059
0.2474,-0.1157,-0.0848,12078
0.2304,0.0503,-0.1284,12098
0.2233,0.14109999,0.0062,12118
0.33059999,0.0851,0.16419999,12138
0.23259999,-0.3594,-0.0324,12158
0.34709999,-0.19669999,-0.0853,12178
0.25560001,0.12909999,-0.1823,12198
0.2561,0.26269999,-0.09119999,12218
0.31020001,0.16949999,0.0605,12238
0.22749999,-0.14,0.0484,12258
0.1547,-0.23989999,-0.0399,12279
0.27399999,0.1583,-0.1311,12298
0.25310001,0.29979998,0.10179999,12318
0.2872,0.38909999,0.2595,12339
0.4364,0.27959999,0.1857,12359
0.35099998,-0.1126,0.0331,12379
-0.0208,0.0674,-0.2095,12399
0.0073,0.303,-0.28740001,12418
0.19319999,0.221,-0.1143,12438
0.31200001,0.0311,-0.0317,12458
0.28219998,-0.17289999,-0.0528,12479
0.1078,-0.1092,-0.0979,12499
-0.0387,0.041,-0.1383,12519
-0.1041,0.23719999,-0.17989999,12539
-0.0832,0.20289999,-0.1024,12559
-0.0837,-0.0565,0.0558,12579
-0.1122,-0.1302,0.0495,12598
-0.192,-0.0202,0.0187,12619
-0.35389999,0.23109999,0.0105,12638
-0.2199,0.4461,-0.0521,12659
0.004,0.52289999,0.0053,12679
0.13689999,0.1032,0.28369999,12698
0.0153,0.1503,0.21689999,12718
-0.2474,0.2554,-0.025,12738
-0.33989999,0.4707,-0.29859999,12758
-0.1347,0.4411,-0.2164,12779
0.45279998,0.1741,-0.0004,12799
0.58739996,-0.0957,0.0328,12818
0.57120001,0.14909999,-0.29909998,12839
0.63949996,0.34689999,-0.36289999,12859
0.838,0.0586,-0.184,12879
1.03170002,-0.1353,-0.2007,12898
1.22759998,-0.2173,-0.43159997,12919
0.9896,-0.20279999,-0.46849999,12938
0.6886,-0.0454,-0.54320002,12958
0.3096,-0.0534,-0.52309996,12979
0.23969999,-0.0228,-0.58849996,12998
0.22309999,0.11809999,-0.61689997,13019
0.3044,0.4553,-0.4666,13039
0.26699999,0.70379996,-0.37759998,13058
0.25659999,0.25130001,-0.36019999,13079
-0.36839998,0.2994,-0.3759,13100
-0.2965,0.25779998,-0.33319998,13119
-0.30789998,0.52340001,-0.4021,13139
-0.1067,0.85369998,-0.74129999,13158
-0.13609999,0.69239998,-0.59569997,13179
-0.50980002,0.3141,-0.29879999,13198
-0.58880001,0.1573,-0.189,13218
-0.60319996,0.53479999,-0.28119999,13239
-0.62959999,0.84200001,-0.2095,13259
-0.66780001,0.64389998,-0.1383,13279
-0.39739999,0.3105,0.0771,13298
-0.21689999,0.60640001,0.19859999,13319
-0.1893,1.06949997,-0.0398,13339
-0.26249999,1.02359998,-0.44399998,13359
-0.2676,0.66499996,-0.155,13379
-0.35510001,0.0661,0.1963,13398
-0.3829,0.0516,-0.0728,13418
-0.1384,0.3502,-0.2748,13439
0.3294,0.47049999,-0.248,13458
0.51590002,0.28349999,0.21699999,13479
0.48159999,-0.0136,0.0116,13498
0.5607,0.1876,-0.12109999,13518
0.34489998,0.66619998,-0.0749,13539
-0.32690001,0.93519998,0.1174,13559
-0.54710001,0.43779999,0.54320002,13579
-0.71529996,0.20989999,0.662,13599
-0.47529998,0.3854,0.48019999,13619
-0.435,0.66069996,0.38149998,13638
-0.50379997,0.35209998,0.40449998,13659
-0.48259997,0.0683,0.62079996,13679
-0.2156,0.1602,0.671,13699
-0.6534,0.38699999,0.2692,13719
-1.02390003,0.37439999,0.30159998,13739
-1.12650001,0.0861,0.65059996,13759
-1.03699994,0.0061,0.69199997,13779
-0.7403,0.1309,0.51889998,13799
-0.60710001,0.2807,0.54960001,13819
-0.94159997,0.43519998,0.43129998,13838
-0.95129997,0.39379999,0.44639999,13858
-0.79269999,0.30500001,0.53569996,13879
-0.93409997,0.18969999,0.47499999,13898
-0.63699996,0.205,0.4111,13918
-0.1759,0.2967,0.3876,13939
-0.2764,0.20119999,0.34809998,13959
-0.75619996,0.1804,0.248,13979
-0.2049,0.2832,0.2192,13998
0.3202,0.19509999,-0.0328,14018
-0.1276,0.1409,-0.1944,14038
-0.94529998,0.21179999,0.18709999,14058
-1.79449999,0.26299998,0.55549997,14079
-2.34360003,0.0255,0.87839997,14098
-2.69849992,0.0258,1.55499995,14119
-2.44790006,0.44319999,1.34619999,14139
-1.6358,1.06690001,0.64399999,14159
-0.86699998,1.06139994,0.1788,14179
-0.59259999,0.86039996,-0.1521,14199
-0.24769999,1.05629992,-0.35369998,14219
0.26010001,1.74989998,-0.3858,14239
0.71829998,1.91609991,-0.76849997,14258
0.89779997,0.4179,-0.95190001,14279
0.53350002,-0.40619999,-0.87989998,14298
0.4698,0.20899999,-1.13489997,14323
1.08149993,1.26389992,-1.31999993,14339
1.06770003,0.85899997,-1.33799994,14358
0.79189998,-0.44709998,-1.02380002,14378
0.96559995,-0.89629996,-0.69209999,14398
1.5065999,0.0234,-0.76839995,14418
1.91149998,0.69169998,-0.82839996,14438
1.49669993,0.56739998,-0.77349997,14458
0.92739999,-0.0968,-0.3779,14479
1.01969993,0.1105,-1.13529992,14498
1.34729993,0.0119,-0.41709998,14519
-0.62169999,0.23449999,0.17209999,14538
-0.1098,0.52069998,-0.0377,14559
0.99079996,0.3725,-0.1909,14579
0.79089999,0.2095,-0.0393,14598
0.40619999,0.0645,-0.11369999,14618
0.2658,-0.0261,-0.2863,14638
0.21059999,-0.0098,-0.4418,14658
0.18889999,-0.0299,-0.70519996,14678
0.167,-0.09,-0.74219996,14698
0.242,-0.0971,-0.78649998,14718
0.22929999,-0.1496,-0.64249998,14738
0.2101,-0.243,-0.6354,14758
0.0779,-0.28489998,-0.53380001,14779
0.0102,-0.15179999,-0.5661,14798
0.11099999,0.005,-0.49589998,14818
0.27489999,0.17279999,-0.44299999,14838
0.49329999,0.20809999,-0.30249998,14859
0.59630001,0.21529999,-0.0825,14879
0.63679999,0.2631,-0.01,14898
0.71039999,0.1901,-0.0775,14918
0.74699998,0.0258,-0.0066,14938
0.77389997,-0.1617,-0.0326,14959
0.70190001,-0.0564,0.035,14979
0.6832,0.0844,-0.0184,15000
0.60649997,0.083,0.0559,15018
0.55930001,0.1001,-0.0148,15039
0.44769999,0.0607,0.10619999,15059
0.32539999,0.0813,0.1135,15079
0.2384,0.0696,0.0966,15099
0.21229999,0.0619,-0.0269,15119
0.18689999,0.0006,-0.07009999,15139
0.2174,0.0535,-0.1076,15159
0.10309999,-0.15279999,-0.0674,15179
0.0467,-0.0893,-0.17559999,15199
0.1067,0.0346,-0.1743,15219
0.33589998,-0.0194,-0.162,15239
0.5169,-0.2244,-0.1512,15259
0.66719997,-0.34349999,-0.3996,15279
0.61109996,-0.28029999,-0.52209997,15299
0.46719998,-0.41549999,-0.56259996,15319
0.35799998,-0.4373,-0.59679997,15339
0.3321,-0.33939999,-0.55829996,15359
0.2676,-0.17749999,-0.46879998,15379
0.28079998,0.0829,-0.38349998,15398
0.0857,0.34099999,-0.2411,15418
-0.0774,0.40399998,0.0749,15438
-0.49399999,0.56009996,0.3865,15459
-0.8114,0.71810001,0.60089999,15479
-0.93019998,1.02179992,0.56830001,15498
-1.04419994,0.7209,0.58279997,15519
-1.41639996,0.37829998,0.63909996,15538
-1.72099996,0.32969999,0.55900002,15558
-1.64199996,0.45389998,0.47729999,15579
-1.58079994,0.62799996,0.54570001,15599
-1.41539991,0.5729,0.66509998,15619
-1.37199998,0.66839999,0.83539999,15638
-1.23339999,0.70949996,0.77469999,15658
-1.14569998,0.80579996,0.80129999,15679
-1.02750003,0.91569996,0.60219997,15698
-0.75389999,0.90009999,0.48319998,15718
-0.74719995,0.70309997,0.27959999,15738
-0.75199997,0.2588,0.11449999,15758
-0.45899999,0.112,-0.2323,15778
0.0507,0.1265,-0.51679999,15798
0.5679,0.0679,-0.47819999,15818
0.86489999,-0.0998,-0.27500001,15838
0.61219996,-0.16869999,-0.1787,15858
0.1034,-0.1287,-0.41069999,15878
-0.11979999,-0.0216,-0.6358,15898
-0.62849998,0.0484,-0.68919998,15918
-0.93079996,0.2105,-0.84380001,15938
-0.43789998,0.22319999,-0.98359996,15958
0.23609999,0.308,-0.86729997,15978
0.8495,0.10179999,-0.55289996,15998
1.06559992,-0.1416,-0.2277,16018
1.32980001,-0.1688,-0.2059,16038
1.06849992,-0.14749999,-0.29189998,16058
1.40579998,-0.0668,-0.4734,16079
1.16869998,-0.16239999,-0.4684,16098
0.64129996,-0.32499999,-0.31039998,16118
0.60789996,-0.1935,-0.0036,16138
0.74909997,0.0016,0.22369999,16158
0.63279998,0.0524,0.0462,16179
0.2419,0.13229999,-0.13779999,16199
-0.0017,0.26819998,-0.1733,16218
-0.48979998,0.54509997,0.0588,16239
-0.74899995,0.17909999,-0.39249998,16259
0.1427,-0.2269,-0.87479997,16279
0.19229999,-0.50929999,-0.54869998,16298
-0.19479999,-0.33269998,-0.36089998,16318
-0.32600001,-0.1192,-0.23119999,16339
-0.0214,-0.0217,-0.39109999,16359
0.15989999,-0.18169999,-0.3452,16379
0.41059998,-0.1139,-0.38119999,16398
0.65499997,0.16159999,-0.30069998,16418
0.33429998,0.53119999,-0.12729999,16439
0.0853,0.50549996,-0.0087,16458
0.07759999,0.4197,0.0475,16479
0.1177,0.38549998,0.0696,16498
0.1166,0.35079998,0.0213,16518
0.079,0.38869998,0.22479999,16538
0.34489998,0.34939998,0.50129998,16558
0.59200001,0.37489998,0.63639998,16579
0.2852,0.44369999,0.461,16599
-0.317,0.47349998,0.1733,16618
-0.30239999,0.32080001,0.0241,16638
0.32659999,-0.059,-0.0835,16658
0.1161,-0.1831,-0.2122,16679
0.0261,0.0215,-0.2992,16698
0.22109999,0.16129999,-0.2172,16719
0.2809,0.1188,-0.1103,16738
0.28169999,0.19469999,-0.10789999,16758
0.49269998,0.3179,-0.0577,16779
0.69999999,0.26199999,-0.0613,16798
0.69749999,0.13409999,0.0602,16818
0.48909998,0.1573,0.27539998,16838
0.27519998,0.21249999,0.4479,16858
0.2852,0.36579999,0.36109999,16879
0.63729995,0.19839999,0.0876,16898
0.37180001,-0.0214,-0.0476,16918
-0.0141,-0.14,0.031,16938
-0.2581,-0.0147,-0.09959999,16959
-0.12979999,-0.13329999,-0.0184,16978
-0.0426,-0.1276,-0.0531,16998
0.3603,-0.2166,-0.2489,17018
0.57209998,-0.1175,-0.30919999,17039
0.19139999,-0.12809999,-0.0323,17058
-0.1943,0.0625,0.0534,17079
-0.1881,0.1017,-0.0565,17098
0.57959998,0.1215,-0.35049999,17119
1.31040001,-0.095,0.1221,17138
0.72189999,-0.0567,0.546,17159
0.0232,0.3184,0.37579998,17179
-0.16689999,0.68939996,-0.0804,17198
0.88429999,0.49869999,-0.1866,17219
1.38979995,0.0435,0.3696,17239
-0.21689999,0.1645,0.3484,17259
-0.61869997,0.42769998,-0.28459999,17279
-0.1239,0.60009998,-0.48209998,17299
-0.22129999,0.19559999,0.1785,17319
-0.85149997,-0.1725,0.39859998,17338
-0.84279996,-0.1122,0.0796,17359
-0.7331,0.4867,-0.38619998,17379
-0.48469999,0.46599999,-0.1463,17399
-0.69639999,0.0079,-0.1152,17419
-0.5557,-0.37269998,0.0506,17438
-0.41239998,-0.1008,-0.0264,17459
-0.1228,0.45859998,0.0261,17479
-0.31149998,0.2947,0.0226,17498
-0.67030001,-0.0458,0.0502,17518
-0.41709998,0.0835,0.0034,17538
-0.0131,0.18259999,-0.1125,17558
0.34540001,0.138,0.0103,17578
0.25419998,0.072,0.0584,17599
0.19,0.0696,0.0835,17618
0.3344,0.0955,0.0487,17638
0.52669996,0.12249999,0.11279999,17658
0.2058,0.12019999,0.26440001,17679
-0.4551,0.15429999,0.19059999,17699
-0.68619996,0.228,0.17989999,17718
-0.51969999,0.19999999,0.1558,17738
-0.31459999,0.1556,0.33679998,17758
-0.2351,0.0301,0.29499999,17778
-0.1902,0.14309999,0.1428,17798
-0.2385,0.23029999,0.0006,17818
0.0261,0.07539999,0.0139,17838
0.1087,-0.0028,-0.0236,17858
-0.099,-0.0267,-0.0175,17878
-0.27969998,-0.0428,0.0328,17898
-0.33179998,0.0078,0.009,17919
-0.21709999,0.003,0.0826,17939
-0.35369998,0.065,0.0772,17958
-0.4813,0.029,0.016,17979
-0.47819999,-0.1541,0.0108,17999
-0.2287,-0.113,0.002,18018
0.0279,0.0593,-0.0369,18038
0.1236,-0.0218,0.0572,18059
-0.0869,-0.1027,0.14649999,18079
-0.073,-0.1321,0.1612,18099
0.113,-0.015,0.0682,18119
0.24879999,0.1319,-0.0523,18139
0.1103,0.0369,-0.0022,18159
-0.0961,-0.007,0.06879999,18179
-0.19229999,-0.0188,0.1309,18199
-0.1107,-0.0014,0.0399,18219
0.09779999,0.07229999,0.0167,18238
0.0253,0.1014,-0.0435,18258
-0.1584,-0.0001,0.118,18279
-0.13759999,0.0822,0.2031,18298
-0.11319999,0.14469999,0.1779,18318
-0.0584,0.0727,0.12249999,18338
-0.0315,-0.0311,0.0916,18358
-0.0006,0.0387,0.0277,18379
-0.0807,0.0322,-0.0431,18398
-0.106,0.0283,-0.0353,18418
-0.12639999,0.0885,-0.0064,18438
0.12629999,0.0972,0.0097,18458
0.16,0.0299,0.0581,18478
0.0282,0.0023,0.015,18498
-0.0154,0.0161,0.0371,18521
-0.0409,0.0713,-0.0334,18538
0.0144,0.12459999,-0.004,18558
-0.0043,0.0827,0.0085,18578
-0.0384,0.0556,0.0339,18598
-0.0609,0.10749999,0.0998,18619
-0.0149,0.1477,0.1143,18638
0.1032,0.16409999,0.0793,18659
0.0749,0.131,0.0773,18679
-0.1265,0.0117,0.0806,18699
-0.18709999,0.0155,0.0486,18718
-0.1032,0.0304,-0.0136,18739
0.0394,0.043,-0.0681,18758
0.07539999,0.1199,-0.0193,18779
-0.0273,0.073,0.0749,18799
-0.0424,-0.045,0.20369999,18823
0.0348,-0.0554,0.1383,18838
0.0813,0.0543,0.0031,18859
0.0331,0.1245,-0.0404,18879
-0.13779999,-0.0073,-0.0346,18899
-0.2149,-0.0977,0.0249,18918
-0.0975,0.0494,0.0997,18939
0.0682,0.0856,0.0775,18959
0.0586,0.0141,0.0719,18979
0.0002,0.0309,0.0857,18999
-0.05,0.0706,0.064,19019
-0.0368,0.0259,0.0369,19039
0.0248,0.0113,0.0196,19058
0.0191,0.1329,-0.0084,19079
0.034,0.1717,0.0082,19099
0.07,0.0121,0.0882,19119
0.1013,-0.0228,0.11719999,19139
0.035,-0.0796,0.1099,19159
-0.07,0.0522,-0.0138,19179
-0.0722,0.1222,-0.0312,19199
-0.2395,-0.0148,0.0148,19219
-0.3572,-0.0291,-0.0165,19238
-0.40039998,-0.0981,-0.005,19258
-0.4251,-0.1034,0.0408,19279
-0.37489998,-0.1197,0.1017,19299
-0.35599998,-0.1228,0.0051,19318
-0.69159997,-0.17039999,-0.0602,19338
-0.98119998,-0.1506,-0.0435,19359
-0.95859998,-0.0166,0.057,19379
-0.63749999,0.0509,-0.0563,19398
-0.2315,-0.0175,-0.15439999,19418
-0.19669999,0.0106,-0.0709,19439
-0.53709996,0.0197,-0.10089999,19458
-0.62360001,0.07319999,-0.0824,19479
-0.46719998,0.14819999,-0.0942,19499
-0.1716,0.25549999,-0.07669999,19518
0.24949999,0.1023,-0.1627,19538
0.29539999,0.0104,-0.1236,19558
0.0611,0.17839999,-0.0693,19579
0.14299999,0.17659999,-0.0606,19599
0.37759998,0.0799,-0.061,19618
0.52499998,0.0593,-0.0982,19639
0.40449998,0.19649999,-0.13789999,19658
0.45189998,-0.0499,0.005,19679
0.64429998,-0.1095,-0.1961,19699
0.84299999,0.1909,-0.5654,19718
0.64779997,-0.036,-0.60219997,19738
0.2367,-0.0873,-0.2802,19759
0.41329998,-0.1797,0.095,19779
0.773,-0.10749999,-0.1661,19798
0.9059,0.0635,-0.36929998,19818
0.76479995,0.0455,-0.3502,19839
0.676,-0.0861,-0.1228,19859
0.70249999,-0.36589998,0.0159,19879
0.68129998,-0.175,-0.2481,19899
0.7511,0.14139999,-0.4032,19918
0.4887,0.30539998,-0.26119998,19939
0.43979999,0.2807,-0.3008,19959
0.46859998,0.3258,-0.2529,19979
0.65759999,0.33649999,-0.1706,19998
0.54499996,0.34779999,-0.2113,20018
0.46069998,0.2429,-0.47219998,20038
0.20209999,0.22479999,-0.50339997,20059
0.12199999,0.27680001,-0.50729996,20079
-0.0004,0.33109999,-0.27989998,20099
-0.0349,0.3743,-0.0122,20118
-0.0433,0.33939999,0.0195,20138
0.0528,0.21329999,-0.28129998,20159
-0.0587,0.2145,-0.47919998,20179
-0.226,0.3513,-0.57569999,20198
0.12469999,0.2175,-0.0447,20218
0.12019999,0.27410001,-0.0235,20238
0.1442,0.15519999,-0.25569999,20259
-0.1034,0.1178,-0.69409996,20279
-0.19769999,0.33660001,-0.84990001,20298
-0.71039999,0.52459997,-0.43159997,20319
-1.16960001,0.60139996,-0.27449998,20338
-1.58359993,0.92069995,-0.0419,20359
-2.10290003,1.07529998,0.39409998,20379
-1.98209989,0.95319998,0.80019999,20398
-1.19569993,0.90529996,0.96429998,20418
-0.74919999,0.92640001,1.04189992,20438
-0.39899999,0.87659997,1.15839994,20458
-0.29889998,0.86679995,1.04180002,20478
-0.1375,0.5772,0.7899,20498
-0.20179999,0.1186,0.5122,20518
-0.0652,0.20879999,0.25759998,20538
0.0262,0.1373,-0.0512,20558
-0.06439999,-0.1558,0.0162,20579
-0.29609999,-0.2253,-0.098,20599
-0.42129999,-0.21579999,-0.10569999,20618
-0.4971,-0.127,-0.26789999,20638
-0.2198,0.0576,-0.1859,20658
0.0544,0.0824,-0.24409999,20679
0.1866,-0.0641,-0.067,20699
0.0604,-0.0705,-0.0536,20719
0.0158,0.0055,0.0202,20739
0.0252,0.133,-0.0422,20759
0.0427,0.2235,0.0708,20779
0.0818,0.38119999,0.0482,20799
0.0028,0.29629999,0.0582,20818
-0.0474,0.2069,-0.0101,20838
0.0495,0.17309999,0.0941,20858
0.17359999,0.1117,0.1577,20879
0.19489999,0.17449999,0.045,20899
0.3276,0.1681,0.0664,20919
0.32999998,-0.0135,0.1065,20938
0.2025,-0.0348,0.1073,20959
0.0966,-0.0843,0.0705,20978
0.0555,-0.0652,0.0553,20998
0.0385,-0.008,0.0202,21018
0.0357,-0.0274,0.0181,21038
-0.0332,-0.0461,0.06879999,21058
-0.0565,0.0047,0.0154,21078
-0.0879,0.0346,0.0273,21098
-0.1195,0.0574,-0.0238,21118
-0.066,0.0588,0.0414,21138
-0.0278,0.1114,0.019,21158
0.0256,0.1331,0.0251,21178
0.0154,0.12709999,0.0617,21198
0.0286,0.0619,0.0073,21218
0.0716,-0.0225,0.0019,21238
0.0835,-0.0561,0.0506,21259
0.19149999,0.1427,-0.0836,21279
0.3741,0.1112,-0.184,21298
0.4725,-0.0914,-0.161,21322
0.4258,-0.15369999,-0.0736,21338
0.36379999,-0.0476,-0.0349,21359
0.3678,-0.0704,-0.10789999,21378
0.40809998,-0.0219,-0.27079999,21399
0.25509998,0.008,-0.2014,21418
-0.1118,0.073,-0.1006,21438
-0.2175,0.073,-0.0983,21458
0.0116,0.0317,-0.2026,21478
0.23119999,-0.0443,-0.176,21498
0.24779999,0.1524,-0.15549999,21518
0.16929999,0.21969999,-0.1302,21539
0.08,0.1978,-0.1383,21558
0.13759999,0.16599999,-0.0872,21579
0.3053,0.1752,-0.1025,21598
0.3897,0.13959999,-0.1416,21618
0.3344,0.1398,-0.1025,21638
0.24339999,0.1118,-0.0928,21658
0.22819999,0.0923,0.0171,21679
0.0349,0.2491,-0.0777,21699
-0.12629999,0.29229999,-0.2462,21719
-0.23689999,0.33789998,-0.2314,21739
-0.2026,0.2978,-0.1813,21759
-0.24139999,0.23349999,-0.1166,21779
-0.26800001,0.1648,-0.21239999,21799
-0.1166,-0.0256,-0.19759999,21819
0.054,-0.091,-0.0611,21838
0.29459998,-0.2714,0.26289999,21858
0.54640001,-0.52209997,0.67149997,21879
0.71520001,-0.77319998,0.90369999,21898
1.01549995,-0.77759999,1.02939999,21919
1.32389998,-0.57870001,0.91939998,21939
1.62829995,-0.5564,0.792,21958
1.72329998,-0.90759999,0.79949999,21979
1.80419993,-1.21449995,0.64950001,21999
1.5647999,-1.20209992,0.40019998,22019
1.50849998,-1.29189992,0.2251,22038
1.23070002,-1.2277,0.1849,22059
0.9971,-0.99659997,0.0472,22079
0.6595,-0.71289998,0.0283,22098
0.39339998,-0.58050001,0.17569999,22118
0.15689999,-0.1205,0.2339,22138
0.0888,0.3434,0.28380001,22159
-0.0913,0.6954,0.15989999,22179
-0.1219,0.71700001,-0.1548,22198
-0.2895,0.2538,-0.67809999,22218
-0.55900002,0.0058,-1.13039994,22239
-0.67739999,0.2651,-1.50829995,22258
-0.62470001,0.61519998,-1.97729993,22279
-0.51620001,0.97119999,-2.30609989,22299
-0.54089999,0.95269996,-2.25539994,22319
-0.6347,0.85719997,-2.15809989,22338
-0.57749999,1.01719999,-1.8039,22358
-1.05019999,1.01370001,-0.92259997,22379
-1.56690001,0.8502,-0.52179998,22398
-1.33329999,0.74619997,-0.53719997,22418
-0.82539999,0.62489998,-0.61570001,22439
-0.52969998,0.65539998,-0.67909998,22458
-0.61879998,0.75150001,-0.6728,22479
-0.70730001,0.76299995,-0.68089998,22499
-0.6013,0.53350002,-0.81239998,22518
-0.29269999,0.30989999,-0.82969999,22538
-0.2236,0.2306,-0.74430001,22559
-0.4271,0.19749999,-0.46159998,22578
-0.5413,0.57260001,-0.34079999,22599
-0.19669999,0.82419997,-0.4156,22618
0.0871,0.45299998,-0.3511,22638
0.25400001,0.0844,-0.2791,22658
0.46499997,0.17719999,-0.2536,22678
0.47759998,0.50909996,-0.17279999,22698
0.3723,0.69859999,-0.08769999,22718
0.27149999,0.55309999,0.0197,22738
0.2622,0.18079999,0.0919,22758
0.31999999,-0.26890001,-0.0103,22778
0.1656,-0.27860001,-0.0863,22798
-0.12899999,0.1177,-0.13339999,22818
-0.42639998,0.52929997,-0.2339,22838
-0.2746,0.62299997,-0.18519999,22858
-0.0733,0.49939999,0.1655,22878
0.076,0.0547,0.26459998,22898
0.077,0.0997,0.21349999,22918
0.16419999,0.25079998,0.2031,22938
0.0657,0.1652,0.23539999,22958
-0.0825,-0.0009,0.17809999,22979
-0.1744,-0.0854,0.29389998,22998
-0.0401,-0.0698,0.29889998,23019
0.0863,-0.0591,0.34630001,23038
-0.13779999,-0.10309999,0.39589998,23058
-0.4481,-0.0585,0.52309996,23079
-0.39209998,-0.0993,0.54289997,23099
-0.2183,-0.18779999,0.45909998,23119
-0.06,-0.2757,0.3249,23139
0.0871,-0.2286,0.22639999,23158
0.0835,-0.32449999,0.33139998,23179
-0.0367,-0.1278,0.53179997,23198
0.24169999,0.19759999,0.57049996,23220
0.3768,0.32159999,0.60329998,23239
0.47619998,0.12629999,0.49779999,23258
0.50980002,-0.2183,0.4761,23279
0.44799998,-0.44149998,0.46779999,23298
0.14019999,-0.27500001,0.42019999,23319
-0.06,-0.0611,0.18859999,23339
-0.0564,-0.1034,0.13059999,23359
-0.1392,-0.1969,0.22989999,23379
-0.2122,-0.0967,0.23099999,23398
-0.19919999,-0.0936,0.22809999,23421
-0.1061,-0.0804,0.1409,23438
0.0581,0.0896,0.1859,23459
0.34459999,0.2374,0.37669998,23479
0.5941,0.21429999,0.14839999,23499
1.06620002,-0.13769999,-0.0992,23520
1.25419998,-0.3917,-0.33089998,23539
1.24849999,-0.54839998,-0.454,23559
0.9375,-0.51159996,-0.4129,23579
0.59979999,-0.54039997,-0.39499998,23598
0.1627,-0.2665,-0.19409999,23618
-0.0955,0.09739999,-0.10399999,28649
-0.1076,0.34239998,0.1215,28650
-0.5557,0.67729998,0.3788,28651
-0.3935,0.74169999,0.2306,28652
-0.40699998,0.0397,0.35459998,28653
-0.8682,0.21709999,0.4152,28654
-0.68219995,0.35029998,0.13239999,28655
-0.44299999,0.146,-0.16339999,28656
-0.4262,-0.0824,0.0838,28658
-0.4874,0.17129999,0.0106,28659
-0.2816,0.27059999,-0.0369,28660
0.54960001,-0.1497,-0.40449998,28661
0.89779997,-0.18079999,-0.39719999,28662
1.15579998,-0.1846,-0.50220001,28663
1.49119997,-0.0932,-0.3969,28664
1.36650002,0.0164,-0.48709998,28665
0.88150001,0.14209999,-0.41189998,28666
0.32249999,-0.1166,-0.31720001,28667
-0.3215,0.92789996,-0.38479999,28668
-0.98399997,1.01469994,1.15240002,28669
-1.00999999,0.472,0.61039996,28670
-0.2651,-0.27559999,0.25659999,28671
0.3037,-0.31029999,-0.44099998,28672
-0.45539999,1.21449995,-0.15789999,28673
0.87479997,-0.28929999,-0.73679996,28674
-0.1902,-0.138,0.47479999,28675
0.78889996,-0.4093,-0.0006,28676
1.34079993,-0.0565,-0.74659997,28677
-0.4104,0.9267,0.24129999,28678
-0.108,0.168,0.2617,28679
0.0263,0.55189997,-0.3319,28680
0.1434,-0.0335,-0.4095,28681
-1.14029992,-0.018,0.204,28682
-0.47639999,0.4998,0.14729999,28683
-1.66149998,0.92559999,0.58629996,28684
-0.10309999,0.51099998,0.26359999,28685
-1.66839993,0.81219995,-0.0888,28686
-1.26789999,-0.0938,-0.23729999,28687
-0.14049999,1.06260002,-0.3425,28688
0.56989998,1.38300002,-0.4497,28689
2.48469996,-0.29859999,-0.2811,28690
1.6516999,-1.38010001,-0.54399997,28691
0.36519998,-0.5223,-0.3581,28692
0.33269998,0.1091,0.0598,28693
-0.39429998,0.0719,-0.1056,28694
-0.20199999,-0.34689999,0.0568,28695
-0.0436,0.25099999,-0.2392,28696
0.198,-0.19999999,0.25999999,28697
-0.42629999,0.68839997,0.0888,28698
-0.3301,0.6918,0.0705,28699
-0.13509999,-0.0025,0.0717,28700
-0.1919,0.3409,0.1113,28701
-0.3439,0.3687,0.39029998,28702
-0.2208,0.3739,0.82879996,28703
0.51019996,0.54210001,-0.48099998,28704
0.35969999,0.0737,-0.30469999,28705
0.60259998,-0.3524,-0.4373,28706
0.24239999,-0.1006,-0.1204,28707
0.0442,0.27969998,-0.0518,28708
-0.2832,0.20719999,0.0779,28709
-0.1557,0.2198,0.1867,28710
0.1014,-0.0174,-0.041,28711
0.29729998,0.1917,0.0989,28712
1.07659996,-0.20269999,-0.58819997,28713
-0.0669,-0.0299,0.1628,28714
-0.7712,-0.2069,-0.13849999,28715
0.59329998,-0.1944,-0.0134,28716
-0.57809997,0.1567,0.14989999,28717
-0.96989995,0.2687,0.29209998,28718
-0.1345,0.30879998,0.0194,28719
0.0133,0.28129998,0.0547,28720
-0.1735,0.1161,-0.0236,28721
0.33359998,-0.0826,0.0514,28722
0.47219998,0.0603,-0.0565,28723
-0.0892,-0.20189999,-0.0564,28724
0.15719999,0.22389999,-0.23699999,28725
0.51899999,-0.0766,0.0556,28726
-1.17180002,0.20909999,0.21869999,28727
-1.8276,0.57749999,0.29429999,28728
-0.60799998,0.48159999,0.2401,28729
-0.2651,0.2189,0.0103,28730
-0.61039996,0.8082,-0.3619,28731
-0.0498,0.59909999,-0.0382,28757
0.77520001,-0.0933,0.13769999,28758
1.25959992,-0.2058,0.12199999,28779
1.27670002,0.2286,-0.1302,28809
1.15359998,0.48979998,-0.25979999,28834
0.79269999,-0.18529999,-0.1081,28841
0.53549999,-0.42549998,-0.0682,28858
0.5449,-0.2324,-0.2377,28878
0.61189997,-0.0252,-0.38299999,28898
0.4797,0.0006,-0.32600001,28918
0.2138,-0.0017,-0.0317,28938
0.25819999,-0.0542,0.1109,28958
0.62199998,0.0699,0.0501,28979
0.9576,-0.0131,-0.0963,28999
0.65579998,-0.27109998,-0.0729,29018
0.29769999,-0.48319998,-0.1214,29038
0.1838,-0.32099998,-0.20989999,29058
0.2139,-0.32409999,-0.24689999,29079
-0.0063,-0.3195,-0.1926,29098
-0.1136,-0.0087,-0.0243,29119
0.1714,0.0637,0.0192,29138
0.4003,-0.1082,0.0821,29159
0.29999998,-0.1762,0.1401,29179
0.0169,-0.0425,0.16399999,29198
-0.31149998,0.1236,0.1007,29236
-0.4964,0.1425,0.064,29238
-0.40489998,0.0799,0.0977,29258
-0.1027,0.133,0.31379998,29278
0.0497,0.2306,0.3669,29298
0.003,0.36919999,0.4057,29319
-0.1894,0.3303,0.35999998,29338
-0.42049998,0.07889999,0.4892,29359
-0.61309999,-0.0991,0.47079998,29379
-0.78979999,-0.0785,0.64289999,29398
-0.98079997,0.0893,0.81119996,29419
-0.96579999,0.34909999,0.99609995,29438
-0.6785,0.7942,0.68439996,29458
-0.3678,0.97229999,0.55199999,29479
-0.43089998,0.61359996,0.37239999,29498
-0.6261,0.2899,0.3915,29518
-0.52450001,0.1925,0.5431,29538
-0.54179996,0.44239998,0.45519999,29558
-0.29429999,0.861,0.19409999,29579
0.0468,0.93359995,-0.14909999,29599
0.1478,0.66399997,-0.33429998,29619
0.1724,0.78849995,-0.46349999,29639
0.26679999,1.01230001,-0.56779999,29658
0.64389998,0.84729999,-0.75,29678
0.78659999,0.3707,-0.66479999,29698
0.57690001,0.44399998,-0.86799997,29718
0.9192,0.5079,-1.17659998,29738
1.06889999,0.0804,-1.05649996,29758
0.87519997,-0.18979999,-0.78749996,29778
0.6613,-0.1005,-0.7245,29798
0.6631,0.0991,-1.01899993,29819
0.76209998,-0.1866,-1.20279992,29838
0.61479998,-0.47489998,-0.90939999,29858
0.3962,-0.38569999,-0.82559997,29878
-0.037,-0.1069,-0.81869996,29898
-0.32499999,0.1358,-0.99129999,29918
-0.3933,0.07009999,-1.0237,29938
-0.4357,0.07,-1.23439991,29958
-0.56169999,0.0537,-1.19190001,29979
-0.9756,0.23109999,-1.06789994,29999
